[app/ui]
version = 6.3.3
modtime = 1458175601.215194800

[app/launcher]
version = 6.3.3
modtime = 1458175601.239717200
